0001
0002
0003
0004
0005
0006
0007
0008
0009
0012
0013
0014
0015
0016
0017
0018
0019
0021
0023
0024
0025
0026
0027
0028
0029
0031
0032
0034
0035
0036
0037
0038
0039
0041
0042
0043
0045
0046
0047
0048
0049
0051
0052
0053
0054
0056
0057
0058
0059
0061
0062
0063
0064
0065
0067
0068
0069
0071
0072
0073
0074
0075
0076
0078
0079
0081
0082
0083
0084
0085
0086
0087
0089
0091
0092
0093
0094
0095
0096
0097
0098
0102
0103
0104
0105
0106
0107
0108
0109
0113
0114
0115
0116
0117
0118
0119
0124
0125
0126
0127
0128
0129
0131
0135
0136
0137
0138
0139
0141
0142
0146
0147
0148
0149
0151
0152
0153
0157
0158
0159
0161
0162
0163
0164
0168
0169
0171
0172
0173
0174
0175
0179
0181
0182
0183
0184
0185
0186
0191
0192
0193
0194
0195
0196
0197
0201
0203
0204
0205
0206
0207
0208
0209
0214
0215
0216
0217
0218
0219
0223
0225
0226
0227
0228
0229
0232
0234
0237
0238
0239
0241
0243
0245
0247
0249
0251
0252
0254
0256
0258
0259
0261
0262
0263
0265
0267
0269
0271
0272
0273
0274
0276
0278
0281
0282
0283
0284
0285
0287
0289
0291
0292
0293
0294
0295
0296
0298
0301
0302
0304
0305
0306
0307
0308
0309
0315
0316
0317
0318
0319
0323
0324
0327
0328
0329
0332
0334
0335
0337
0338
0342
0343
0345
0346
0348
0349
0351
0353
0354
0356
0357
0359
0361
0362
0364
0365
0367
0368
0371
0372
0373
0375
0376
0378
0379
0381
0382
0383
0384
0386
0387
0389
0391
0392
0393
0394
0395
0397
0398
0401
0402
0403
0405
0406
0407
0408
0409
0412
0416
0417
0418
0419
0421
0423
0424
0425
0427
0429
0432
0434
0435
0436
0438
0439
0442
0443
0445
0446
0447
0449
0452
0453
0454
0456
0457
0458
0461
0463
0464
0465
0467
0468
0469
0471
0472
0474
0475
0476
0478
0479
0481
0482
0483
0485
0486
0487
0489
0491
0492
0493
0494
0496
0497
0498
0501
0502
0503
0504
0506
0507
0508
0509
0512
0513
0517
0518
0519
0521
0524
0525
0526
0528
0529
0531
0534
0535
0536
0537
0539
0542
0543
0545
0546
0547
0548
0552
0553
0554
0556
0557
0558
0559
0562
0563
0564
0565
0567
0568
0569
0571
0573
0574
0575
0576
0578
0579
0581
0582
0584
0585
0586
0587
0589
0591
0592
0593
0595
0596
0597
0598
0601
0602
0603
0604
0605
0607
0608
0609
0612
0613
0614
0618
0619
0621
0625
0626
0627
0629
0631
0634
0635
0636
0637
0638
0641
0643
0645
0646
0647
0648
0649
0652
0653
0654
0656
0657
0658
0659
0662
0663
0664
0665
0667
0668
0669
0672
0673
0674
0675
0676
0678
0679
0681
0683
0684
0685
0686
0687
0689
0691
0692
0694
0695
0696
0697
0698
0701
0702
0703
0704
0705
0706
0708
0709
0712
0713
0714
0715
0719
0721
0723
0724
0726
0727
0728
0731
0732
0735
0736
0737
0738
0739
0741
0742
0745
0746
0747
0748
0749
0751
0753
0754
0756
0757
0758
0759
0762
0763
0764
0765
0767
0768
0769
0772
0773
0774
0775
0776
0778
0779
0782
0783
0784
0785
0786
0787
0789
0791
0793
0794
0795
0796
0797
0798
0801
0802
0803
0804
0805
0806
0807
0809
0812
0813
0814
0815
0816
0821
0823
0825
0827
0828
0829
0831
0832
0834
0836
0837
0838
0839
0841
0843
0845
0846
0847
0848
0849
0851
0852
0854
0856
0857
0858
0859
0861
0863
0864
0865
0867
0868
0869
0872
0873
0874
0875
0876
0878
0879
0882
0883
0884
0885
0886
0887
0889
0892
0893
0894
0895
0896
0897
0898
0901
0902
0903
0904
0905
0906
0907
0908
0912
0913
0914
0915
0916
0917
0921
0923
0924
0925
0926
0928
0929
0931
0932
0934
0935
0937
0938
0939
0941
0942
0943
0946
0947
0948
0949
0951
0952
0953
0956
0957
0958
0959
0961
0962
0964
0965
0967
0968
0969
0971
0973
0974
0975
0976
0978
0979
0982
0983
0984
0985
0986
0987
0989
0992
0993
0994
0995
0996
0997
0998
1002
1003
1004
1005
1006
1007
1008
1009
1013
1014
1015
1016
1017
1018
1019
1021
1024
1025
1026
1027
1028
1029
1031
1032
1035
1036
1037
1038
1039
1041
1042
1043
1046
1047
1048
1049
1051
1052
1053
1054
1057
1058
1059
1061
1062
1063
1064
1065
1068
1069
1071
1072
1073
1074
1075
1076
1079
1081
1082
1083
1084
1085
1086
1087
1091
1092
1093
1094
1095
1096
1097
1098
1103
1104
1105
1106
1107
1108
1109
1114
1115
1116
1117
1118
1119
1125
1126
1127
1128
1129
1131
1132
1137
1138
1139
1141
1142
1143
1147
1149
1151
1152
1153
1154
1158
1159
1161
1162
1163
1164
1165
1169
1171
1172
1173
1174
1175
1176
1181
1182
1183
1184
1185
1186
1187
1191
1192
1193
1194
1195
1196
1197
1198
1201
1204
1205
1206
1207
1208
1209
1215
1216
1217
1218
1219
1222
1223
1227
1228
1229
1233
1234
1237
1238
1240
1241
1244
1245
1249
1250
1251
1252
1253
1255
1256
1259
1260
1261
1262
1264
1266
1267
1270
1271
1272
1273
1274
1275
1277
1278
1280
1281
1282
1283
1285
1286
1288
1289
1290
1291
1292
1293
1294
1295
1296
1297
1299
1301
1302
1305
1306
1307
1308
1309
1310
1311
1316
1317
1318
1319
1323
1324
1327
1329
1332
1333
1334
1335
1338
1343
1344
1345
1346
1349
1350
1351
1352
1354
1355
1356
1357
1360
1361
1363
1365
1366
1367
1368
1370
1371
1372
1373
1374
1376
1377
1378
1379
1380
1381
1382
1383
1384
1385
1387
1388
1389
1390
1391
1392
1394
1395
1396
1398
1399
1401
1402
1403
1406
1407
1408
1409
1410
1411
1412
1417
1418
1419
1420
1421
1424
1425
1429
1433
1434
1435
1436
1439
1442
1443
1444
1445
1446
1447
1453
1454
1455
1456
1457
1458
1460
1461
1462
1464
1465
1466
1467
1468
1469
1470
1471
1472
1473
1475
1476
1477
1478
1479
1480
1481
1483
1484
1486
1487
1488
1489
1490
1491
1492
1493
1494
1495
1497
1498
1499
1501
1502
1503
1504
1507
1508
1509
1510
1511
1512
1513
1518
1519
1520
1521
1522
1525
1526
1529
1530
1531
1534
1535
1536
1537
1543
1544
1545
1546
1547
1548
1552
1553
1554
1555
1556
1557
1558
1559
1563
1564
1565
1566
1567
1568
1569
1570
1571
1572
1574
1575
1576
1577
1578
1579
1580
1581
1582
1583
1585
1586
1587
1588
1589
1590
1591
1592
1593
1594
1596
1597
1598
1599
1601
1602
1603
1604
1605
1608
1609
1610
1611
1612
1613
1614
1619
1620
1621
1622
1626
1627
1630
1631
1635
1636
1637
1638
1640
1641
1644
1645
1646
1647
1648
1649
1653
1654
1655
1656
1657
1658
1659
1662
1663
1664
1665
1666
1667
1668
1669
1673
1674
1675
1676
1677
1678
1679
1680
1681
1682
1684
1685
1686
1687
1688
1689
1690
1691
1692
1693
1695
1696
1697
1698
1699
1701
1702
1703
1704
1705
1706
1709
1710
1711
1712
1713
1714
1715
1720
1721
1722
1723
1727
1728
1730
1731
1732
1733
1736
1737
1738
1739
1740
1741
1745
1746
1747
1748
1749
1750
1751
1754
1755
1756
1757
1758
1759
1763
1764
1765
1766
1767
1768
1769
1772
1773
1774
1775
1776
1777
1778
1779
1783
1784
1785
1786
1787
1788
1789
1790
1791
1792
1794
1795
1796
1797
1798
1799
1801
1802
1803
1804
1805
1806
1807
1810
1811
1812
1813
1814
1815
1816
1820
1821
1822
1823
1825
1828
1829
1830
1831
1832
1834
1837
1838
1839
1840
1841
1843
1846
1847
1848
1849
1850
1851
1852
1855
1856
1857
1858
1859
1860
1861
1864
1865
1866
1867
1868
1869
1873
1874
1875
1876
1877
1878
1879
1882
1883
1884
1885
1886
1887
1888
1889
1893
1894
1895
1896
1897
1898
1899
1901
1902
1903
1904
1905
1906
1907
1908
1910
1911
1912
1913
1914
1915
1916
1917
1920
1921
1922
1923
1924
1926
1929
1930
1931
1932
1934
1935
1938
1939
1940
1941
1942
1943
1944
1947
1948
1949
1950
1951
1953
1956
1957
1958
1959
1960
1961
1962
1965
1966
1967
1968
1969
1970
1971
1974
1975
1976
1977
1978
1979
1983
1984
1985
1986
1987
1988
1989
1992
1993
1994
1995
1996
1997
1998
1999
2001
2003
2004
2005
2006
2007
2008
2009
2014
2015
2016
2017
2018
2019
2023
2025
2026
2027
2028
2029
2031
2032
2034
2037
2038
2039
2041
2042
2043
2045
2047
2049
2051
2052
2053
2054
2056
2058
2059
2061
2062
2063
2064
2065
2067
2069
2071
2072
2073
2074
2075
2076
2078
2081
2082
2083
2084
2085
2086
2087
2089
2091
2092
2093
2094
2095
2096
2097
2098
2104
2105
2106
2107
2108
2109
2115
2116
2117
2118
2119
2127
2128
2129
2132
2137
2138
2140
2141
2142
2143
2149
2150
2151
2152
2153
2154
2159
2160
2161
2162
2163
2164
2165
2170
2171
2172
2173
2174
2175
2176
2180
2181
2182
2183
2184
2185
2186
2187
2190
2191
2192
2193
2194
2195
2196
2197
2198
2202
2203
2205
2206
2207
2208
2209
2216
2217
2218
2219
2221
2224
2225
2227
2229
2232
2235
2236
2238
2239
2242
2243
2246
2247
2249
2251
2252
2253
2254
2257
2258
2261
2262
2263
2264
2265
2268
2269
2271
2272
2273
2274
2275
2276
2279
2281
2282
2283
2284
2285
2286
2287
2291
2292
2293
2294
2295
2296
2297
2298
2301
2302
2303
2304
2307
2308
2309
2311
2312
2313
2318
2319
2320
2322
2325
2326
2329
2330
2331
2334
2335
2336
2337
2340
2344
2345
2346
2347
2348
2352
2353
2355
2356
2357
2358
2359
2362
2363
2366
2367
2368
2369
2370
2371
2372
2373
2374
2375
2377
2378
2379
2380
2381
2382
2383
2384
2385
2386
2388
2389
2390
2391
2392
2393
2394
2395
2397
2399
2401
2402
2403
2404
2405
2407
2409
2410
2411
2412
2413
2414
2422
2425
2427
2429
2430
2434
2436
2437
2438
2440
2441
2443
2445
2446
2447
2448
2449
2450
2452
2454
2455
2456
2457
2458
2459
2465
2466
2467
2468
2469
2470
2472
2473
2474
2476
2477
2478
2479
2482
2483
2485
2487
2488
2489
2490
2491
2492
2493
2494
2495
2496
2498
2499
2501
2502
2503
2504
2505
2506
2508
2509
2510
2511
2512
2513
2514
2515
2520
2521
2522
2523
2524
2526
2527
2531
2532
2533
2535
2536
2538
2539
2540
2542
2544
2545
2547
2548
2549
2550
2551
2553
2554
2556
2557
2558
2559
2560
2562
2565
2566
2567
2568
2569
2572
2575
2576
2577
2578
2579
2580
2581
2583
2584
2586
2587
2588
2589
2590
2592
2593
2594
2595
2597
2598
2599
2601
2602
2603
2604
2605
2606
2607
2609
2610
2611
2612
2613
2614
2615
2616
2620
2621
2622
2623
2625
2627
2628
2629
2630
2632
2633
2636
2637
2638
2641
2645
2646
2647
2649
2650
2652
2654
2655
2656
2658
2659
2660
2661
2663
2664
2665
2667
2668
2669
2670
2672
2674
2676
2677
2678
2679
2682
2683
2685
2686
2687
2688
2689
2690
2691
2692
2694
2696
2697
2698
2699
2701
2702
2703
2704
2705
2706
2707
2708
2710
2711
2712
2713
2714
2715
2716
2717
2720
2721
2722
2723
2724
2725
2726
2728
2729
2730
2731
2732
2734
2735
2737
2738
2739
2740
2741
2742
2743
2744
2746
2747
2748
2749
2751
2752
2753
2755
2756
2757
2758
2760
2762
2764
2765
2766
2767
2769
2770
2771
2773
2774
2775
2776
2778
2779
2780
2782
2784
2785
2787
2788
2789
2792
2793
2796
2797
2798
2799
2801
2802
2803
2804
2805
2806
2807
2808
2809
2810
2811
2812
2813
2814
2815
2816
2817
2818
2820
2821
2822
2823
2824
2826
2827
2829
2830
2831
2832
2833
2834
2835
2836
2838
2839
2840
2842
2843
2845
2847
2848
2849
2850
2851
2853
2854
2856
2857
2858
2859
2861
2862
2863
2865
2866
2867
2868
2869
2870
2872
2874
2875
2876
2877
2878
2880
2881
2883
2884
2885
2886
2887
2889
2890
2892
2894
2895
2896
2898
2899
2901
2902
2903
2904
2905
2906
2907
2908
2909
2910
2911
2912
2913
2914
2915
2916
2917
2918
2919
2920
2921
2922
2923
2924
2925
2926
2927
2928
2930
2931
2932
2933
2934
2935
2937
2939
2940
2941
2942
2943
2944
2945
2946
2948
2949
2950
2951
2952
2953
2954
2955
2957
2958
2959
2960
2961
2962
2964
2966
2967
2968
2969
2971
2972
2973
2975
2976
2977
2978
2979
2980
2982
2984
2985
2986
2987
2988
2989
2990
2991
2993
2994
2995
2996
2997
2998
3001
3002
3004
3005
3006
3007
3008
3009
3015
3016
3017
3018
3019
3023
3024
3027
3028
3029
3032
3034
3035
3037
3038
3041
3042
3043
3045
3046
3048
3049
3051
3052
3053
3054
3056
3057
3059
3061
3062
3063
3064
3065
3067
3068
3071
3072
3073
3074
3075
3076
3078
3079
3081
3082
3083
3084
3085
3086
3087
3089
3091
3092
3093
3094
3095
3096
3097
3098
3101
3105
3106
3107
3108
3109
3110
3116
3117
3118
3119
3123
3127
3129
3132
3133
3134
3138
3142
3143
3144
3145
3149
3150
3151
3152
3153
3154
3155
3156
3160
3161
3162
3163
3164
3165
3166
3167
3170
3171
3172
3173
3174
3175
3176
3177
3178
3180
3181
3182
3183
3184
3185
3186
3187
3188
3189
3190
3191
3192
3193
3194
3195
3196
3197
3198
3199
3202
3203
3204
3207
3208
3209
3213
3218
3219
3220
3221
3225
3226
3229
3230
3231
3235
3236
3237
3240
3243
3247
3248
3252
3253
3254
3257
3258
3259
3262
3263
3264
3265
3268
3270
3271
3272
3273
3274
3275
3276
3279
3280
3281
3282
3283
3284
3285
3286
3287
3290
3291
3292
3293
3294
3295
3296
3297
3298
3302
3303
3304
3305
3307
3308
3313
3314
3321
3325
3326
3329
3331
3335
3337
3338
3341
3343
3346
3347
3348
3349
3352
3353
3357
3358
3359
3362
3364
3365
3368
3369
3371
3373
3374
3375
3376
3379
3382
3383
3384
3385
3386
3387
3392
3393
3394
3395
3396
3397
3398
3401
3402
3403
3404
3405
3406
3408
3409
3411
3412
3413
3414
3415
3419
3420
3422
3423
3424
3427
3428
3430
3431
3433
3435
3436
3437
3438
3440
3441
3442
3444
3445
3446
3447
3449
3450
3451
3453
3455
3456
3458
3459
3460
3463
3464
3467
3468
3469
3472
3473
3474
3477
3478
3479
3480
3481
3482
3483
3485
3488
3489
3490
3491
3492
3494
3495
3496
3497
3499
3501
3502
3503
3504
3505
3506
3507
3509
3510
3511
3512
3513
3514
3515
3516
3521
3522
3523
3525
3527
3528
3529
3530
3532
3533
3534
3536
3537
3538
3539
3540
3541
3543
3545
3546
3547
3548
3549
3550
3551
3552
3554
3555
3556
3557
3558
3559
3560
3561
3563
3565
3566
3567
3568
3570
3572
3573
3574
3576
3577
3579
3582
3583
3584
3585
3588
3589
3590
3591
3592
3593
3594
3595
3598
3599
3601
3602
3603
3604
3605
3606
3607
3608
3610
3611
3612
3613
3614
3615
3616
3617
3620
3622
3623
3624
3625
3626
3628
3631
3632
3634
3635
3637
3638
3639
3640
3643
3644
3646
3647
3648
3649
3650
3651
3653
3655
3656
3657
3658
3659
3660
3661
3662
3664
3665
3666
3667
3668
3669
3670
3671
3673
3675
3676
3677
3678
3679
3680
3682
3683
3686
3687
3688
3689
3693
3694
3695
3697
3698
3701
3702
3703
3704
3705
3706
3707
3708
3709
3710
3711
3712
3713
3714
3715
3716
3717
3718
3720
3721
3722
3723
3724
3726
3727
3729
3730
3731
3732
3733
3734
3735
3736
3738
3739
3741
3742
3743
3744
3745
3747
3748
3749
3750
3753
3754
3756
3757
3758
3759
3760
3761
3763
3765
3766
3767
3768
3769
3770
3771
3772
3774
3775
3776
3777
3778
3779
3780
3781
3783
3785
3786
3787
3788
3789
3790
3792
3793
3794
3796
3797
3798
3799
3801
3802
3803
3804
3805
3806
3807
3808
3809
3810
3811
3812
3813
3814
3815
3816
3817
3818
3819
3820
3821
3822
3823
3824
3825
3826
3827
3828
3830
3831
3832
3833
3834
3835
3836
3837
3839
3840
3841
3842
3843
3844
3845
3848
3849
3851
3852
3853
3854
3855
3857
3858
3859
3860
3862
3863
3866
3867
3868
3869
3870
3871
3873
3875
3876
3877
3878
3879
3880
3881
3882
3884
3885
3886
3887
3888
3889
3890
3891
3893
3895
3896
3897
3898
3899
3901
3902
3903
3904
3905
3906
3907
3908
3909
3910
3911
3912
3913
3914
3915
3916
3917
3918
3919
3920
3921
3922
3923
3924
3925
3927
3928
3929
3930
3932
3933
3935
3936
3937
3938
3940
3941
3942
3944
3945
3946
3947
3949
3950
3951
3952
3953
3954
3955
3956
3958
3959
3961
3963
3964
3965
3967
3968
3969
3970
3972
3973
3974
3976
3977
3978
3979
3980
3981
3983
3985
3986
3987
3988
3989
3990
3991
3992
3994
3995
3996
3997
3998
3999
4001
4002
4003
4005
4006
4007
4008
4009
4012
4016
4017
4018
4019
4021
4023
4024
4025
4027
4029
4032
4034
4035
4036
4038
4039
4042
4043
4045
4046
4047
4049
4051
4052
4053
4054
4056
4057
4058
4061
4062
4063
4064
4065
4067
4068
4069
4071
4072
4073
4074
4075
4076
4078
4079
4081
4082
4083
4084
4085
4086
4087
4089
4091
4092
4093
4094
4095
4096
4097
4098
4101
4102
4106
4107
4108
4109
4110
4111
4117
4118
4119
4120
4124
4129
4133
4134
4135
4142
4143
4144
4145
4146
4152
4153
4154
4155
4156
4157
4160
4161
4162
4163
4164
4165
4166
4167
4168
4170
4171
4172
4173
4174
4175
4176
4177
4178
4179
4180
4181
4182
4183
4184
4185
4186
4187
4188
4189
4190
4191
4192
4193
4194
4195
4196
4197
4198
4199
4201
4203
4204
4205
4207
4209
4210
4214
4222
4225
4227
4229
4230
4231
4234
4237
4238
4240
4241
4243
4245
4247
4249
4250
4252
4254
4255
4256
4258
4259
4263
4264
4265
4266
4267
4269
4270
4272
4273
4274
4275
4276
4277
4278
4282
4283
4284
4285
4286
4287
4288
4289
4290
4291
4292
4293
4294
4295
4296
4297
4298
4299
4302
4303
4304
4305
4306
4308
4309
4313
4314
4315
4319
4320
4321
4324
4327
4328
4330
4331
4332
4335
4336
4337
4338
4340
4341
4342
4346
4347
4349
4350
4351
4353
4354
4358
4359
4360
4363
4364
4365
4369
4372
4373
4374
4376
4379
4380
4381
4382
4383
4385
4386
4387
4390
4391
4392
4394
4395
4396
4397
4398
4402
4403
4404
4405
4406
4407
4409
4413
4414
4415
4416
4421
4425
4427
4429
4431
4432
4436
4437
4438
4439
4441
4443
4446
4447
4448
4449
4451
4452
4454
4457
4458
4459
4461
4463
4464
4465
4468
4469
4472
4473
4474
4475
4476
4483
4484
4485
4486
4487
4491
4492
4493
4494
4495
4496
4498
4501
4502
4503
4504
4505
4506
4507
4508
4511
4512
4513
4514
4515
4516
4517
4520
4522
4523
4524
4525
4526
4528
4529
4530
4531
4534
4535
4537
4538
4539
4540
4541
4542
4544
4546
4547
4548
4549
4550
4551
4552
4553
4555
4556
4557
4558
4559
4560
4561
4562
4564
4566
4567
4568
4569
4570
4571
4573
4574
4575
4577
4578
4579
4580
4582
4583
4584
4585
4586
4588
4589
4592
4593
4594
4595
4596
4597
4599
4601
4602
4603
4604
4605
4606
4607
4608
4609
4610
4611
4612
4613
4614
4615
4616
4617
4618
4621
4622
4623
4624
4626
4627
4629
4630
4633
4634
4635
4636
4639
4640
4641
4643
4644
4645
4647
4648
4649
4650
4651
4654
4656
4657
4658
4659
4660
4661
4662
4663
4665
4666
4667
4668
4669
4670
4671
4672
4674
4676
4677
4678
4679
4680
4681
4684
4685
4687
4688
4689
4690
4692
4693
4694
4695
4698
4699
4701
4702
4703
4704
4705
4706
4707
4708
4709
4710
4711
4712
4713
4714
4715
4716
4717
4718
4719
4720
4721
4722
4723
4724
4725
4726
4727
4728
4731
4732
4733
4734
4735
4736
4737
4739
4740
4742
4743
4744
4745
4746
4748
4749
4750
4751
4753
4754
4755
4757
4758
4759
4760
4761
4762
4764
4766
4767
4768
4769
4770
4771
4772
4773
4775
4776
4777
4778
4779
4780
4781
4782
4784
4786
4787
4788
4789
4790
4791
4793
4794
4795
4797
4798
4799
4801
4802
4803
4804
4805
4806
4807
4808
4809
4810
4811
4812
4813
4814
4815
4816
4817
4818
4819
4820
4822
4823
4824
4825
4827
4828
4829
4830
4831
4832
4833
4835
4836
4837
4838
4841
4844
4845
4846
4847
4849
4850
4852
4853
4854
4855
4856
4858
4859
4860
4861
4864
4865
4867
4868
4869
4870
4871
4872
4874
4876
4877
4878
4879
4880
4881
4882
4883
4885
4886
4887
4888
4889
4890
4891
4892
4894
4896
4897
4898
4899
4901
4902
4903
4904
4905
4906
4907
4908
4909
4910
4911
4912
4913
4914
4915
4916
4917
4918
4919
4920
4921
4922
4923
4924
4925
4926
4927
4928
4929
4930
4931
4932
4933
4934
4935
4936
4937
4938
4939
4940
4941
4942
4943
4944
4945
4946
4947
4948
4951
4952
4953
4954
4955
4956
4957
4959
4960
4962
4963
4964
4965
4968
4969
4970
4971
4973
4974
4975
4977
4978
4979
4980
4981
4982
4984
4986
4987
4988
4989
4990
4991
4992
4993
4995
4996
4997
4998
4999
5001
5002
5003
5004
5006
5007
5008
5009
5012
5013
5017
5018
5019
5021
5024
5025
5026
5028
5029
5031
5034
5035
5036
5037
5039
5042
5043
5045
5046
5047
5048
5052
5053
5054
5056
5057
5058
5059
5061
5062
5063
5064
5065
5067
5068
5069
5071
5072
5073
5074
5075
5076
5078
5079
5081
5082
5083
5084
5085
5086
5087
5089
5091
5092
5093
5094
5095
5096
5097
5098
5101
5102
5103
5107
5108
5109
5110
5111
5112
5118
5119
5120
5121
5125
5129
5130
5134
5135
5136
5143
5144
5145
5146
5147
5152
5153
5154
5155
5156
5157
5158
5162
5163
5164
5165
5166
5167
5168
5169
5170
5171
5172
5173
5174
5175
5176
5177
5178
5179
5180
5181
5182
5183
5184
5185
5186
5187
5188
5189
5190
5191
5192
5193
5194
5195
5196
5197
5198
5199
5201
5202
5204
5205
5206
5208
5209
5210
5211
5215
5220
5222
5223
5224
5227
5232
5233
5235
5238
5240
5241
5242
5244
5245
5248
5249
5250
5251
5253
5254
5256
5257
5259
5260
5262
5263
5265
5266
5267
5268
5272
5274
5275
5276
5277
5278
5279
5280
5281
5283
5284
5285
5286
5287
5288
5289
5290
5292
5293
5294
5295
5296
5297
5298
5299
5301
5303
5304
5305
5306
5307
5309
5310
5314
5315
5316
5322
5323
5325
5327
5328
5329
5330
5331
5332
5333
5334
5337
5338
5339
5340
5341
5343
5345
5347
5349
5350
5351
5352
5354
5355
5356
5358
5359
5360
5361
5363
5364
5365
5366
5367
5370
5372
5373
5374
5375
5376
5377
5382
5383
5384
5385
5386
5388
5389
5390
5391
5392
5393
5394
5395
5397
5398
5399
5402
5403
5404
5405
5406
5407
5408
5413
5414
5415
5416
5417
5420
5421
5424
5425
5426
5428
5429
5430
5431
5432
5435
5437
5438
5439
5440
5441
5442
5443
5446
5447
5448
5449
5450
5451
5452
5453
5457
5458
5459
5460
5461
5462
5464
5465
5468
5469
5470
5471
5473
5474
5475
5476
5479
5480
5482
5483
5484
5485
5486
5487
5492
5493
5494
5495
5496
5497
5498
5502
5503
5504
5505
5506
5507
5508
5509
5513
5514
5515
5516
5517
5518
5521
5524
5526
5527
5529
5531
5532
5535
5536
5538
5539
5541
5542
5543
5547
5548
5549
5551
5553
5554
5557
5558
5559
5561
5562
5563
5565
5568
5569
5571
5572
5574
5575
5576
5579
5581
5583
5584
5585
5586
5587
5592
5593
5594
5595
5596
5597
5598
5601
5602
5603
5604
5605
5606
5607
5608
5609
5611
5612
5613
5614
5615
5616
5617
5618
5619
5620
5622
5623
5624
5625
5626
5627
5628
5630
5631
5633
5634
5635
5636
5637
5639
5640
5641
5642
5644
5645
5646
5648
5649
5650
5651
5652
5653
5655
5657
5658
5659
5660
5661
5662
5663
5664
5666
5667
5668
5669
5670
5671
5672
5673
5675
5677
5678
5679
5680
5681
5682
5684
5685
5686
5688
5689
5690
5691
5693
5694
5695
5696
5697
5699
5701
5702
5703
5704
5705
5706
5707
5708
5709
5710
5711
5712
5713
5714
5715
5716
5717
5718
5719
5721
5722
5723
5724
5725
5727
5728
5729
5730
5732
5733
5735
5736
5737
5738
5740
5741
5744
5745
5746
5747
5749
5750
5751
5752
5754
5755
5756
5758
5759
5760
5761
5763
5765
5767
5768
5769
5770
5771
5772
5773
5774
5776
5777
5778
5779
5780
5781
5782
5783
5785
5787
5788
5789
5790
5791
5792
5794
5795
5796
5798
5799
5801
5802
5803
5804
5805
5806
5807
5808
5809
5810
5811
5812
5813
5814
5815
5816
5817
5818
5819
5820
5821
5822
5823
5824
5825
5826
5827
5828
5829
5831
5832
5833
5834
5835
5836
5837
5838
5839
5840
5842
5843
5844
5845
5846
5847
5848
5850
5851
5853
5854
5855
5856
5857
5859
5860
5861
5862
5864
5865
5866
5868
5869
5870
5871
5872
5873
5875
5877
5878
5879
5880
5881
5882
5883
5884
5886
5887
5888
5889
5890
5891
5892
5893
5895
5897
5898
5899
5901
5902
5903
5904
5905
5906
5907
5908
5909
5910
5911
5912
5913
5914
5915
5916
5917
5918
5919
5920
5921
5922
5923
5924
5925
5926
5928
5929
5930
5931
5932
5933
5934
5935
5936
5937
5938
5939
5941
5942
5943
5944
5945
5946
5947
5948
5949
5950
5952
5953
5954
5955
5956
5957
5958
5960
5961
5963
5964
5965
5966
5967
5969
5970
5971
5974
5975
5976
5978
5979
5980
5981
5982
5983
5985
5987
5988
5989
5990
5991
5992
5993
5994
5996
5997
5998
5999
6001
6002
6003
6004
6005
6007
6008
6009
6012
6013
6014
6018
6019
6021
6025
6026
6027
6029
6031
6034
6035
6036
6037
6038
6041
6043
6045
6046
6047
6048
6049
6052
6053
6054
6056
6057
6058
6059
6062
6063
6064
6065
6067
6068
6069
6071
6072
6073
6074
6075
6076
6078
6079
6081
6082
6083
6084
6085
6086
6087
6089
6091
6092
6093
6094
6095
6096
6097
6098
6101
6102
6103
6104
6108
6109
6110
6111
6112
6113
6119
6120
6121
6122
6126
6130
6131
6135
6136
6137
6140
6144
6145
6146
6147
6148
6153
6154
6155
6156
6157
6158
6159
6162
6163
6164
6165
6166
6167
6168
6169
6172
6173
6174
6175
6176
6177
6178
6179
6180
6181
6182
6183
6184
6185
6186
6187
6188
6189
6190
6191
6192
6193
6194
6195
6196
6197
6198
6199
6201
6202
6205
6206
6207
6209
6210
6211
6216
6220
6223
6227
6229
6232
6233
6238
6245
6246
6249
6250
6251
6252
6254
6255
6256
6260
6261
6263
6264
6265
6267
6268
6270
6272
6273
6274
6276
6277
6278
6279
6282
6283
6285
6286
6287
6288
6289
6290
6291
6292
6294
6295
6296
6297
6298
6299
6301
6304
6305
6306
6307
6308
6310
6315
6316
6317
6322
6323
6328
6332
6334
6337
6338
6340
6341
6342
6343
6344
6349
6350
6351
6352
6353
6355
6356
6359
6360
6361
6362
6364
6365
6366
6367
6370
6371
6373
6374
6375
6376
6377
6378
6380
6382
6383
6384
6385
6386
6387
6388
6389
6393
6394
6395
6396
6397
6398
6401
6403
6404
6405
6406
6407
6408
6409
6410
6414
6415
6416
6417
6418
6422
6426
6427
6429
6430
6431
6432
6433
6434
6439
6440
6441
6442
6443
6444
6445
6447
6449
6450
6451
6453
6454
6456
6458
6459
6460
6461
6462
6463
6465
6466
6467
6470
6471
6472
6474
6475
6476
6477
6478
6480
6481
6484
6485
6486
6487
6488
6489
6490
6492
6493
6494
6495
6496
6497
6498
6499
6502
6503
6504
6505
6506
6507
6508
6509
6513
6514
6515
6516
6517
6518
6519
6520
6521
6524
6525
6526
6527
6528
6530
6531
6532
6535
6536
6537
6539
6540
6541
6542
6543
6546
6548
6549
6550
6551
6552
6553
6554
6557
6558
6559
6560
6561
6562
6563
6564
6568
6569
6570
6571
6572
6573
6575
6576
6579
6580
6581
6582
6584
6585
6586
6587
6590
6591
6593
6594
6595
6596
6597
6598
6602
6603
6604
6605
6606
6607
6608
6609
6613
6614
6615
6616
6617
6618
6619
6621
6624
6625
6627
6628
6629
6631
6632
6635
6636
6637
6638
6641
6642
6646
6647
6651
6652
6653
6654
6658
6659
6661
6663
6664
6665
6668
6669
6671
6672
6673
6674
6676
6679
6681
6682
6683
6685
6686
6687
6691
6692
6695
6696
6697
6698
6701
6702
6703
6704
6705
6706
6707
6708
6709
6711
6712
6713
6714
6715
6716
6717
6718
6719
6720
6722
6723
6724
6725
6726
6727
6728
6729
6730
6731
6733
6734
6735
6736
6737
6738
6739
6740
6741
6742
6744
6745
6746
6747
6748
6750
6751
6752
6753
6755
6756
6757
6759
6760
6761
6762
6763
6764
6766
6768
6769
6770
6771
6772
6773
6774
6775
6777
6778
6779
6780
6781
6782
6783
6784
6786
6788
6789
6790
6791
6792
6793
6795
6796
6797
6799
6801
6802
6803
6804
6805
6806
6807
6808
6809
6810
6811
6812
6813
6814
6815
6816
6817
6818
6819
6821
6822
6823
6824
6825
6826
6828
6829
6830
6832
6833
6834
6835
6836
6837
6838
6839
6840
6841
6844
6845
6846
6847
6848
6849
6850
6851
6852
6854
6855
6856
6857
6858
6860
6861
6862
6863
6865
6866
6867
6869
6870
6871
6873
6874
6876
6878
6879
6880
6881
6882
6883
6884
6885
6887
6888
6889
6890
6891
6892
6893
6894
6896
6898
6899
6901
6902
6903
6904
6905
6906
6907
6908
6909
6910
6911
6912
6913
6914
6915
6916
6917
6918
6919
6920
6921
6922
6923
6924
6925
6926
6927
6928
6929
6931
6933
6934
6936
6937
6938
6939
6940
6942
6943
6944
6945
6946
6947
6948
6949
6950
6951
6954
6955
6956
6957
6958
6959
6960
6961
6962
6965
6966
6967
6968
6970
6971
6972
6973
6975
6976
6977
6979
6980
6981
6982
6983
6984
6986
6988
6989
6990
6991
6992
6993
6994
6995
6997
6998
6999
7001
7002
7003
7004
7005
7006
7008
7009
7012
7013
7014
7015
7019
7021
7023
7024
7026
7027
7028
7031
7032
7035
7036
7037
7038
7039
7041
7042
7045
7046
7047
7048
7049
7051
7053
7054
7056
7057
7058
7059
7062
7063
7064
7065
7067
7068
7069
7072
7073
7074
7075
7076
7078
7079
7081
7082
7083
7084
7085
7086
7087
7089
7091
7092
7093
7094
7095
7096
7097
7098
7101
7102
7103
7104
7105
7109
7110
7111
7112
7113
7114
7120
7121
7122
7127
7130
7131
7136
7137
7138
7140
7141
7145
7146
7147
7148
7149
7150
7154
7155
7156
7157
7158
7159
7163
7164
7165
7166
7167
7168
7169
7172
7173
7174
7175
7176
7177
7178
7179
7182
7183
7184
7185
7186
7187
7188
7189
7190
7191
7192
7193
7194
7195
7196
7197
7198
7199
7201
7202
7203
7204
7206
7207
7208
7210
7211
7212
7213
7217
7220
7221
7222
7224
7225
7226
7228
7229
7230
7231
7234
7235
7237
7239
7240
7242
7243
7244
7246
7247
7248
7252
7253
7255
7256
7257
7258
7260
7261
7262
7264
7265
7266
7267
7269
7270
7271
7273
7274
7275
7276
7278
7279
7280
7282
7283
7284
7285
7287
7288
7289
7292
7293
7294
7296
7297
7298
7299
7301
7302
7303
7305
7306
7307
7308
7309
7310
7311
7312
7316
7317
7318
7320
7321
7323
7324
7327
7329
7330
7332
7333
7334
7335
7336
7338
7339
7342
7343
7344
7345
7347
7349
7350
7351
7353
7354
7356
7357
7358
7360
7361
7362
7363
7365
7366
7367
7368
7369
7370
7371
7372
7374
7375
7376
7377
7378
7379
7380
7381
7383
7384
7385
7386
7387
7388
7389
7390
7392
7393
7394
7395
7396
7397
7398
7399
7401
7402
7404
7405
7406
7407
7408
7409
7410
7411
7415
7416
7417
7418
7419
7420
7422
7423
7424
7427
7428
7432
7433
7434
7435
7437
7440
7441
7442
7443
7444
7445
7446
7448
7449
7450
7451
7452
7453
7454
7455
7457
7459
7460
7461
7462
7463
7464
7466
7467
7468
7470
7471
7472
7473
7475
7476
7477
7478
7479
7480
7481
7482
7484
7485
7486
7487
7488
7489
7490
7491
7493
7494
7495
7496
7497
7498
7499
7501
7503
7504
7505
7506
7507
7508
7509
7510
7514
7515
7516
7517
7518
7519
7522
7523
7525
7527
7528
7529
7530
7531
7532
7533
7537
7538
7540
7541
7542
7544
7545
7547
7549
7550
7551
7552
7553
7554
7555
7556
7558
7559
7560
7561
7563
7564
7565
7567
7569
7570
7571
7572
7573
7574
7576
7577
7578
7580
7581
7582
7583
7585
7586
7587
7588
7589
7590
7591
7592
7594
7595
7596
7597
7598
7599
7602
7603
7604
7605
7606
7607
7608
7609
7613
7614
7615
7616
7617
7618
7619
7620
7621
7624
7625
7626
7627
7628
7629
7630
7631
7632
7635
7636
7637
7638
7639
7640
7641
7642
7643
7646
7647
7648
7650
7651
7652
7653
7654
7657
7659
7660
7661
7662
7663
7664
7665
7668
7669
7670
7671
7672
7673
7674
7675
7679
7680
7681
7682
7683
7684
7686
7687
7690
7691
7692
7693
7695
7696
7697
7698
7702
7703
7704
7705
7706
7707
7708
7709
7713
7714
7715
7716
7717
7718
7719
7721
7724
7725
7726
7728
7729
7731
7732
7735
7736
7737
7738
7739
7741
7742
7743
7746
7747
7748
7749
7751
7752
7753
7754
7757
7758
7761
7762
7763
7764
7765
7769
7771
7773
7774
7775
7776
7779
7781
7782
7783
7784
7785
7787
7791
7792
7793
7794
7796
7797
7798
7801
7802
7803
7804
7805
7806
7807
7808
7809
7811
7812
7813
7814
7815
7816
7817
7818
7819
7820
7822
7823
7824
7825
7826
7827
7828
7829
7830
7831
7833
7834
7836
7837
7838
7839
7840
7841
7842
7844
7845
7846
7847
7848
7849
7850
7851
7852
7855
7856
7857
7858
7859
7860
7861
7862
7863
7864
7866
7867
7868
7870
7871
7872
7873
7874
7875
7877
7879
7880
7881
7882
7883
7884
7885
7886
7888
7889
7890
7891
7892
7893
7894
7895
7897
7899
7901
7902
7903
7904
7905
7906
7907
7908
7909
7910
7911
7912
7913
7914
7915
7916
7917
7918
7919
7921
7922
7923
7924
7925
7926
7927
7929
7930
7932
7933
7934
7935
7936
7937
7938
7939
7940
7941
7943
7945
7946
7947
7948
7949
7950
7951
7952
7954
7955
7956
7957
7958
7959
7960
7961
7962
7963
7965
7966
7967
7968
7969
7970
7971
7972
7973
7974
7976
7977
7978
7980
7981
7983
7984
7985
7987
7989
7990
7991
7992
7993
7994
7995
7996
7998
7999
8001
8002
8003
8004
8005
8006
8007
8009
8012
8013
8014
8015
8016
8021
8023
8025
8027
8028
8029
8031
8032
8034
8036
8037
8038
8039
8041
8043
8045
8046
8047
8048
8049
8051
8052
8054
8056
8057
8058
8059
8061
8063
8064
8065
8067
8068
8069
8072
8073
8074
8075
8076
8078
8079
8082
8083
8084
8085
8086
8087
8089
8091
8092
8093
8094
8095
8096
8097
8098
8101
8102
8103
8104
8105
8106
8110
8111
8112
8113
8114
8115
8120
8121
8122
8123
8128
8130
8131
8132
8137
8138
8139
8140
8141
8146
8147
8148
8149
8150
8151
8155
8156
8157
8158
8159
8160
8164
8165
8166
8167
8168
8169
8173
8174
8175
8176
8177
8178
8179
8182
8183
8184
8185
8186
8187
8188
8189
8192
8193
8194
8195
8196
8197
8198
8199
8201
8202
8203
8205
8207
8208
8209
8210
8211
8212
8218
8220
8221
8227
8229
8230
8234
8235
8236
8238
8243
8245
8247
8249
8250
8253
8254
8256
8257
8258
8262
8263
8265
8266
8267
8268
8269
8270
8271
8272
8274
8275
8276
8277
8278
8280
8281
8283
8284
8285
8286
8287
8289
8290
8292
8293
8294
8295
8296
8298
8299
8301
8302
8303
8304
8306
8307
8308
8309
8310
8311
8312
8313
8317
8318
8319
8320
8321
8322
8324
8325
8326
8328
8330
8331
8333
8334
8335
8336
8337
8339
8340
8342
8343
8344
8345
8348
8352
8353
8354
8355
8357
8358
8359
8360
8361
8362
8363
8366
8367
8368
8369
8370
8371
8372
8373
8375
8376
8377
8378
8379
8380
8381
8382
8384
8385
8386
8387
8388
8389
8390
8391
8393
8394
8395
8396
8397
8398
8399
8401
8403
8405
8406
8407
8408
8409
8410
8416
8417
8418
8419
8423
8425
8427
8429
8430
8432
8433
8438
8442
8444
8445
8447
8449
8450
8451
8452
8453
8454
8455
8456
8458
8460
8461
8463
8464
8465
8467
8469
8470
8471
8472
8473
8474
8476
8477
8478
8480
8481
8482
8483
8485
8486
8487
8488
8489
8490
8491
8492
8494
8495
8496
8497
8498
8499
8501
8502
8504
8505
8506
8507
8508
8509
8510
8511
8515
8516
8517
8518
8519
8520
8522
8523
8524
8527
8528
8529
8532
8533
8534
8535
8537
8538
8540
8541
8542
8543
8544
8545
8546
8548
8550
8551
8552
8553
8554
8555
8556
8557
8559
8560
8561
8562
8563
8564
8565
8566
8568
8570
8571
8572
8573
8574
8575
8577
8578
8579
8580
8581
8582
8583
8584
8586
8587
8588
8589
8590
8591
8592
8593
8595
8596
8597
8598
8599
8601
8603
8604
8605
8606
8607
8608
8609
8610
8614
8615
8616
8617
8618
8619
8622
8623
8625
8626
8628
8629
8630
8631
8632
8633
8637
8638
8639
8640
8641
8642
8643
8644
8645
8647
8649
8650
8651
8652
8653
8654
8655
8656
8658
8660
8661
8662
8663
8664
8665
8666
8667
8669
8670
8671
8673
8674
8675
8676
8678
8680
8681
8682
8683
8684
8685
8687
8688
8689
8690
8691
8692
8693
8694
8696
8697
8698
8699
8702
8703
8704
8705
8706
8707
8708
8709
8713
8714
8715
8716
8717
8718
8719
8720
8721
8724
8725
8726
8727
8728
8729
8730
8731
8732
8736
8737
8738
8739
8740
8741
8742
8743
8746
8747
8748
8749
8750
8751
8752
8754
8757
8758
8759
8760
8761
8762
8763
8764
8765
8768
8770
8771
8772
8773
8774
8775
8776
8779
8780
8781
8782
8783
8784
8785
8786
8790
8791
8792
8793
8794
8795
8797
8798
8802
8803
8804
8805
8806
8807
8808
8809
8813
8814
8815
8816
8817
8818
8819
8821
8824
8825
8826
8827
8829
8831
8832
8835
8836
8837
8838
8839
8841
8842
8843
8846
8847
8848
8849
8851
8852
8853
8854
8857
8858
8859
8861
8862
8863
8864
8865
8868
8869
8871
8872
8873
8874
8875
8876
8881
8883
8884
8885
8886
8887
8891
8892
8893
8894
8895
8896
8898
8901
8902
8903
8904
8905
8906
8907
8908
8909
8911
8912
8913
8914
8915
8916
8917
8918
8919
8920
8922
8923
8924
8925
8926
8927
8928
8929
8930
8931
8933
8934
8935
8936
8937
8938
8939
8940
8941
8942
8944
8945
8946
8947
8948
8949
8950
8951
8952
8953
8955
8956
8957
8958
8959
8960
8961
8962
8963
8964
8966
8967
8968
8969
8970
8971
8972
8973
8974
8975
8977
8978
8979
8980
8981
8982
8983
8984
8985
8986
8988
8990
8991
8992
8993
8994
8995
8996
8997
8999
9001
9002
9003
9004
9005
9006
9007
9008
9012
9013
9014
9015
9016
9017
9021
9023
9024
9025
9026
9028
9029
9031
9032
9034
9035
9037
9038
9039
9041
9042
9043
9046
9047
9048
9049
9051
9052
9053
9056
9057
9058
9059
9061
9062
9064
9065
9067
9068
9069
9071
9073
9074
9075
9076
9078
9079
9082
9083
9084
9085
9086
9087
9089
9092
9093
9094
9095
9096
9097
9098
9101
9102
9103
9104
9105
9106
9107
9110
9111
9112
9113
9114
9115
9116
9120
9121
9122
9123
9129
9130
9131
9132
9134
9138
9139
9140
9141
9143
9147
9148
9149
9150
9151
9156
9157
9158
9159
9160
9161
9165
9166
9167
9168
9169
9170
9174
9175
9176
9177
9178
9179
9183
9184
9185
9186
9187
9188
9189
9192
9193
9194
9195
9196
9197
9198
9199
9201
9202
9203
9204
9205
9206
9208
9209
9210
9211
9212
9213
9214
9215
9219
9220
9221
9222
9223
9224
9226
9227
9228
9230
9231
9232
9233
9235
9237
9239
9240
9241
9242
9244
9245
9246
9248
9249
9250
9251
9253
9254
9255
9257
9258
9259
9260
9262
9264
9266
9267
9268
9269
9272
9273
9275
9276
9277
9278
9279
9280
9281
9282
9284
9285
9286
9287
9288
9289
9290
9291
9293
9294
9295
9296
9297
9298
9301
9302
9304
9305
9307
9308
9309
9310
9311
9318
9319
9320
9322
9327
9329
9335
9337
9338
9340
9341
9344
9345
9346
9349
9350
9352
9353
9354
9355
9356
9359
9363
9364
9365
9367
9368
9370
9371
9372
9373
9374
9376
9377
9378
9379
9380
9381
9382
9383
9385
9386
9387
9388
9389
9390
9391
9392
9394
9395
9396
9397
9398
9399
9401
9402
9403
9404
9406
9407
9408
9409
9410
9411
9412
9413
9417
9418
9419
9420
9421
9422
9424
9425
9426
9428
9429
9430
9431
9433
9434
9435
9436
9437
9439
9440
9442
9443
9444
9445
9446
9447
9448
9452
9453
9454
9455
9456
9457
9459
9460
9461
9462
9463
9464
9465
9468
9469
9470
9471
9472
9473
9474
9475
9477
9478
9479
9480
9481
9482
9483
9484
9486
9487
9488
9489
9490
9491
9492
9493
9495
9496
9497
9498
9499
9501
9502
9503
9505
9506
9507
9508
9509
9510
9511
9512
9516
9517
9518
9519
9520
9521
9523
9524
9525
9529
9530
9532
9533
9534
9535
9536
9538
9539
9542
9543
9544
9545
9546
9547
9549
9550
9551
9552
9553
9554
9555
9556
9557
9558
9560
9561
9562
9563
9564
9565
9566
9567
9569
9570
9571
9573
9574
9575
9576
9578
9579
9580
9581
9582
9583
9584
9585
9587
9588
9589
9590
9591
9592
9593
9594
9596
9597
9598
9599
9601
9602
9604
9605
9606
9607
9608
9609
9610
9611
9615
9616
9617
9618
9619
9620
9622
9624
9627
9628
9629
9632
9633
9634
9637
9638
9640
9641
9642
9643
9644
9645
9648
9649
9650
9651
9652
9654
9655
9656
9657
9659
9660
9661
9662
9663
9664
9665
9666
9667
9668
9670
9671
9672
9673
9674
9675
9676
9677
9679
9680
9681
9682
9683
9684
9685
9686
9688
9689
9690
9691
9692
9693
9694
9695
9697
9698
9699
9701
9703
9704
9705
9706
9707
9708
9709
9710
9714
9715
9716
9717
9718
9719
9722
9723
9725
9726
9727
9729
9730
9731
9732
9733
9734
9737
9738
9739
9740
9741
9742
9743
9745
9747
9749
9750
9751
9752
9753
9754
9755
9756
9758
9759
9760
9761
9762
9763
9764
9765
9766
9767
9769
9770
9771
9772
9773
9774
9775
9776
9777
9778
9780
9781
9783
9784
9785
9786
9787
9789
9790
9791
9792
9793
9794
9795
9796
9798
9799
9802
9803
9804
9805
9806
9807
9808
9809
9813
9814
9815
9816
9817
9818
9819
9820
9821
9824
9825
9826
9827
9828
9829
9830
9831
9832
9835
9836
9837
9838
9839
9840
9841
9842
9843
9846
9847
9848
9849
9850
9851
9852
9853
9854
9857
9858
9859
9860
9861
9862
9863
9864
9865
9868
9869
9870
9871
9872
9873
9874
9875
9876
9879
9880
9881
9882
9883
9884
9885
9886
9887
9890
9891
9892
9893
9894
9895
9896
9897
9902
9903
9904
9905
9906
9907
9908
9909
9913
9914
9915
9916
9917
9918
9919
9921
9924
9925
9926
9927
9928
9931
9932
9935
9937
9938
9939
9941
9942
9943
9946
9947
9948
9949
9951
9952
9953
9954
9957
9958
9959
9961
9962
9964
9965
9968
9969
9971
9972
9973
9974
9975
9976
9979
9981
9982
9983
9984
9985
9986
9987
9991
9993
9994
9995
9996
9997
9998